v(1) = 1.885272e+00
v(2) = 1.808787e+00
v(3) = 2.008787e+00
v(4) = 1.988799e+00
v(5) = 2.000000e+00
v(6) = 1.988143e+00
v(7) = 3.988143e+00
v(8) = 1.000000e+00
v1#branch = -1.98880e-01
v2#branch = -1.99880e-01
v3#branch = 0.000000e+00
